[gd_scene load_steps=10 format=3 uid="uid://bwjgd7tgjtkpa"]

[ext_resource type="PackedScene" uid="uid://bqlcqcfgrddw1" path="res://scenes/player.tscn" id="1_o5qli"]
[ext_resource type="PackedScene" uid="uid://wm881yxtmiiy" path="res://scenes/trapwall.tscn" id="2_0wfyh"]
[ext_resource type="Script" uid="uid://bsstxq4x6bki7" path="res://scenes/maze_container.gd" id="3_jyhfs"]
[ext_resource type="PackedScene" uid="uid://bmivyrra1ojhy" path="res://scenes/finishzone.tscn" id="3_sugp2"]

[sub_resource type="BoxMesh" id="BoxMesh_sgp6g"]
size = Vector3(20, 0.5, 21.7)

[sub_resource type="BoxShape3D" id="BoxShape3D_o5qli"]
size = Vector3(20, 0.5, 20)

[sub_resource type="ProceduralSkyMaterial" id="ProceduralSkyMaterial_o5qli"]
energy_multiplier = 6.0

[sub_resource type="Sky" id="Sky_0wfyh"]
sky_material = SubResource("ProceduralSkyMaterial_o5qli")

[sub_resource type="Environment" id="Environment_sugp2"]
background_mode = 2
sky = SubResource("Sky_0wfyh")

[node name="Main" type="Node3D"]

[node name="Floor" type="StaticBody3D" parent="."]

[node name="MeshInstance3D" type="MeshInstance3D" parent="Floor"]
mesh = SubResource("BoxMesh_sgp6g")

[node name="CollisionShape3D" type="CollisionShape3D" parent="Floor"]
shape = SubResource("BoxShape3D_o5qli")

[node name="Player" parent="." instance=ExtResource("1_o5qli")]
transform = Transform3D(1, 0, 0, 0, 1, 0, 0, 0, 1, 9.039049, 0.32035363, -9.250142)

[node name="DirectionalLight3D" type="DirectionalLight3D" parent="."]
transform = Transform3D(1, 0, 0, 0, 1, 0, 0, 0, 1, 4.807934, 32.047176, 36.168575)
shadow_enabled = true

[node name="WorldEnvironment" type="WorldEnvironment" parent="."]
environment = SubResource("Environment_sugp2")

[node name="FinishZone" parent="." instance=ExtResource("3_sugp2")]
transform = Transform3D(1, 0, 0, 0, 1, 0, 0, 0, 1, -8.798534, 0.53601336, 10.064981)

[node name="MazeContainer" type="Node3D" parent="."]
script = ExtResource("3_jyhfs")

[node name="Trapwall" parent="MazeContainer" instance=ExtResource("2_0wfyh")]
transform = Transform3D(1, 0, 0, 0, 1, 0, 0, 0, 1, -8.798534, 0.53601336, 8.064981)

[node name="Trapwall2" parent="MazeContainer" instance=ExtResource("2_0wfyh")]
transform = Transform3D(1, 0, 0, 0, 1, 0, 0, 0, 1, -6.7985344, 0.53601336, 8.064981)

[node name="Trapwall3" parent="MazeContainer" instance=ExtResource("2_0wfyh")]
transform = Transform3D(0.99914664, 0.035730287, -0.020720849, -0.03597506, 0.99928576, -0.0115627, 0.020292902, 0.012298281, 0.9997184, -4.7985344, 0.53601336, 8.064981)

[node name="Trapwall4" parent="MazeContainer" instance=ExtResource("2_0wfyh")]
transform = Transform3D(1, 0, 0, 0, 1, 0, 0, 0, 1, -2.7985344, 0.53601336, 8.064981)

[node name="Trapwall5" parent="MazeContainer" instance=ExtResource("2_0wfyh")]
transform = Transform3D(1, 0, 0, 0, 1, 0, 0, 0, 1, -0.7985344, 0.53601336, 8.064981)

[node name="Trapwall6" parent="MazeContainer" instance=ExtResource("2_0wfyh")]
transform = Transform3D(0.99914664, 0.035730287, -0.020720849, -0.03597506, 0.99928576, -0.0115627, 0.020292902, 0.012298281, 0.9997184, 1.2014656, 0.53601336, 8.064981)

[node name="Trapwall7" parent="MazeContainer" instance=ExtResource("2_0wfyh")]
transform = Transform3D(1, 0, 0, 0, 1, 0, 0, 0, 1, 3.2014656, 0.53601336, 8.064981)

[node name="Trapwall8" parent="MazeContainer" instance=ExtResource("2_0wfyh")]
transform = Transform3D(1, 0, 0, 0, 1, 0, 0, 0, 1, 5.2014656, 0.53601336, 8.064981)

[node name="Trapwall9" parent="MazeContainer" instance=ExtResource("2_0wfyh")]
transform = Transform3D(0.99914664, 0.035730287, -0.020720849, -0.03597506, 0.99928576, -0.0115627, 0.020292902, 0.012298281, 0.9997184, 7.2014656, 0.53601336, 8.064981)

[node name="Trapwall10" parent="MazeContainer" instance=ExtResource("2_0wfyh")]
transform = Transform3D(1, 0, 0, 0, 1, 0, 0, 0, 1, -8.798534, 0.53601336, 6.0649815)

[node name="Trapwall11" parent="MazeContainer" instance=ExtResource("2_0wfyh")]
transform = Transform3D(1, 0, 0, 0, 1, 0, 0, 0, 1, -6.7985344, 0.53601336, 6.0649815)

[node name="Trapwall12" parent="MazeContainer" instance=ExtResource("2_0wfyh")]
transform = Transform3D(0.99914664, 0.035730287, -0.020720849, -0.03597506, 0.99928576, -0.0115627, 0.020292902, 0.012298281, 0.9997184, -4.7985344, 0.53601336, 6.0649815)

[node name="Trapwall13" parent="MazeContainer" instance=ExtResource("2_0wfyh")]
transform = Transform3D(1, 0, 0, 0, 1, 0, 0, 0, 1, -2.7985344, 0.53601336, 6.0649815)

[node name="Trapwall14" parent="MazeContainer" instance=ExtResource("2_0wfyh")]
transform = Transform3D(1, 0, 0, 0, 1, 0, 0, 0, 1, -0.7985344, 0.53601336, 6.0649815)

[node name="Trapwall15" parent="MazeContainer" instance=ExtResource("2_0wfyh")]
transform = Transform3D(0.99914664, 0.035730287, -0.020720849, -0.03597506, 0.99928576, -0.0115627, 0.020292902, 0.012298281, 0.9997184, 1.2014656, 0.53601336, 6.0649815)

[node name="Trapwall16" parent="MazeContainer" instance=ExtResource("2_0wfyh")]
transform = Transform3D(1, 0, 0, 0, 1, 0, 0, 0, 1, 3.2014656, 0.53601336, 6.0649815)

[node name="Trapwall17" parent="MazeContainer" instance=ExtResource("2_0wfyh")]
transform = Transform3D(1, 0, 0, 0, 1, 0, 0, 0, 1, 5.2014656, 0.53601336, 6.0649815)

[node name="Trapwall18" parent="MazeContainer" instance=ExtResource("2_0wfyh")]
transform = Transform3D(0.99914664, 0.035730287, -0.020720849, -0.03597506, 0.99928576, -0.0115627, 0.020292902, 0.012298281, 0.9997184, 7.2014656, 0.53601336, 6.0649815)

[node name="Trapwall19" parent="MazeContainer" instance=ExtResource("2_0wfyh")]
transform = Transform3D(1, 0, 0, 0, 1, 0, 0, 0, 1, -8.798534, 0.53601336, 4.0649815)

[node name="Trapwall20" parent="MazeContainer" instance=ExtResource("2_0wfyh")]
transform = Transform3D(1, 0, 0, 0, 1, 0, 0, 0, 1, -6.7985344, 0.53601336, 4.0649815)

[node name="Trapwall21" parent="MazeContainer" instance=ExtResource("2_0wfyh")]
transform = Transform3D(0.99914664, 0.035730287, -0.020720849, -0.03597506, 0.99928576, -0.0115627, 0.020292902, 0.012298281, 0.9997184, -4.7985344, 0.53601336, 4.0649815)

[node name="Trapwall22" parent="MazeContainer" instance=ExtResource("2_0wfyh")]
transform = Transform3D(1, 0, 0, 0, 1, 0, 0, 0, 1, -2.7985344, 0.53601336, 4.0649815)

[node name="Trapwall23" parent="MazeContainer" instance=ExtResource("2_0wfyh")]
transform = Transform3D(1, 0, 0, 0, 1, 0, 0, 0, 1, -0.7985344, 0.53601336, 4.0649815)

[node name="Trapwall24" parent="MazeContainer" instance=ExtResource("2_0wfyh")]
transform = Transform3D(0.99914664, 0.035730287, -0.020720849, -0.03597506, 0.99928576, -0.0115627, 0.020292902, 0.012298281, 0.9997184, 1.2014656, 0.53601336, 4.0649815)

[node name="Trapwall25" parent="MazeContainer" instance=ExtResource("2_0wfyh")]
transform = Transform3D(1, 0, 0, 0, 1, 0, 0, 0, 1, 3.2014656, 0.53601336, 4.0649815)

[node name="Trapwall26" parent="MazeContainer" instance=ExtResource("2_0wfyh")]
transform = Transform3D(1, 0, 0, 0, 1, 0, 0, 0, 1, 5.2014656, 0.53601336, 4.0649815)

[node name="Trapwall27" parent="MazeContainer" instance=ExtResource("2_0wfyh")]
transform = Transform3D(0.99914664, 0.035730287, -0.020720849, -0.03597506, 0.99928576, -0.0115627, 0.020292902, 0.012298281, 0.9997184, 7.2014656, 0.53601336, 4.0649815)

[node name="Trapwall28" parent="MazeContainer" instance=ExtResource("2_0wfyh")]
transform = Transform3D(1, 0, 0, 0, 1, 0, 0, 0, 1, -8.798534, 0.53601336, 2.0649815)

[node name="Trapwall29" parent="MazeContainer" instance=ExtResource("2_0wfyh")]
transform = Transform3D(1, 0, 0, 0, 1, 0, 0, 0, 1, -6.7985344, 0.53601336, 2.0649815)

[node name="Trapwall30" parent="MazeContainer" instance=ExtResource("2_0wfyh")]
transform = Transform3D(0.99914664, 0.035730287, -0.020720849, -0.03597506, 0.99928576, -0.0115627, 0.020292902, 0.012298281, 0.9997184, -4.7985344, 0.53601336, 2.0649815)

[node name="Trapwall31" parent="MazeContainer" instance=ExtResource("2_0wfyh")]
transform = Transform3D(1, 0, 0, 0, 1, 0, 0, 0, 1, -2.7985344, 0.53601336, 2.0649815)

[node name="Trapwall32" parent="MazeContainer" instance=ExtResource("2_0wfyh")]
transform = Transform3D(1, 0, 0, 0, 1, 0, 0, 0, 1, -0.7985344, 0.53601336, 2.0649815)

[node name="Trapwall33" parent="MazeContainer" instance=ExtResource("2_0wfyh")]
transform = Transform3D(0.99914664, 0.035730287, -0.020720849, -0.03597506, 0.99928576, -0.0115627, 0.020292902, 0.012298281, 0.9997184, 1.2014656, 0.53601336, 2.0649815)

[node name="Trapwall34" parent="MazeContainer" instance=ExtResource("2_0wfyh")]
transform = Transform3D(1, 0, 0, 0, 1, 0, 0, 0, 1, 3.2014656, 0.53601336, 2.0649815)

[node name="Trapwall35" parent="MazeContainer" instance=ExtResource("2_0wfyh")]
transform = Transform3D(1, 0, 0, 0, 1, 0, 0, 0, 1, 5.2014656, 0.53601336, 2.0649815)

[node name="Trapwall36" parent="MazeContainer" instance=ExtResource("2_0wfyh")]
transform = Transform3D(0.99914664, 0.035730287, -0.020720849, -0.03597506, 0.99928576, -0.0115627, 0.020292902, 0.012298281, 0.9997184, 7.2014656, 0.53601336, 2.0649815)

[node name="Trapwall37" parent="MazeContainer" instance=ExtResource("2_0wfyh")]
transform = Transform3D(1, 0, 0, 0, 1, 0, 0, 0, 1, -8.798534, 0.53601336, 0.06498146)

[node name="Trapwall38" parent="MazeContainer" instance=ExtResource("2_0wfyh")]
transform = Transform3D(1, 0, 0, 0, 1, 0, 0, 0, 1, -6.7985344, 0.53601336, 0.06498146)

[node name="Trapwall39" parent="MazeContainer" instance=ExtResource("2_0wfyh")]
transform = Transform3D(0.99914664, 0.035730287, -0.020720849, -0.03597506, 0.99928576, -0.0115627, 0.020292902, 0.012298281, 0.9997184, -4.7985344, 0.53601336, 0.06498146)

[node name="Trapwall40" parent="MazeContainer" instance=ExtResource("2_0wfyh")]
transform = Transform3D(1, 0, 0, 0, 1, 0, 0, 0, 1, -2.7985344, 0.53601336, 0.06498146)

[node name="Trapwall41" parent="MazeContainer" instance=ExtResource("2_0wfyh")]
transform = Transform3D(1, 0, 0, 0, 1, 0, 0, 0, 1, -0.7985344, 0.53601336, 0.06498146)

[node name="Trapwall42" parent="MazeContainer" instance=ExtResource("2_0wfyh")]
transform = Transform3D(0.99914664, 0.035730287, -0.020720849, -0.03597506, 0.99928576, -0.0115627, 0.020292902, 0.012298281, 0.9997184, 1.2014656, 0.53601336, 0.06498146)

[node name="Trapwall43" parent="MazeContainer" instance=ExtResource("2_0wfyh")]
transform = Transform3D(1, 0, 0, 0, 1, 0, 0, 0, 1, 3.2014656, 0.53601336, 0.06498146)

[node name="Trapwall44" parent="MazeContainer" instance=ExtResource("2_0wfyh")]
transform = Transform3D(1, 0, 0, 0, 1, 0, 0, 0, 1, 5.2014656, 0.53601336, 0.06498146)

[node name="Trapwall45" parent="MazeContainer" instance=ExtResource("2_0wfyh")]
transform = Transform3D(0.99914664, 0.035730287, -0.020720849, -0.03597506, 0.99928576, -0.0115627, 0.020292902, 0.012298281, 0.9997184, 7.2014656, 0.53601336, 0.06498146)

[node name="Trapwall46" parent="MazeContainer" instance=ExtResource("2_0wfyh")]
transform = Transform3D(1, 0, 0, 0, 1, 0, 0, 0, 1, -8.798534, 0.53601336, -1.9350185)

[node name="Trapwall47" parent="MazeContainer" instance=ExtResource("2_0wfyh")]
transform = Transform3D(1, 0, 0, 0, 1, 0, 0, 0, 1, -6.7985344, 0.53601336, -1.9350185)

[node name="Trapwall48" parent="MazeContainer" instance=ExtResource("2_0wfyh")]
transform = Transform3D(0.99914664, 0.035730287, -0.020720849, -0.03597506, 0.99928576, -0.0115627, 0.020292902, 0.012298281, 0.9997184, -4.7985344, 0.53601336, -1.9350185)

[node name="Trapwall49" parent="MazeContainer" instance=ExtResource("2_0wfyh")]
transform = Transform3D(1, 0, 0, 0, 1, 0, 0, 0, 1, -2.7985344, 0.53601336, -1.9350185)

[node name="Trapwall50" parent="MazeContainer" instance=ExtResource("2_0wfyh")]
transform = Transform3D(1, 0, 0, 0, 1, 0, 0, 0, 1, -0.7985344, 0.53601336, -1.9350185)

[node name="Trapwall51" parent="MazeContainer" instance=ExtResource("2_0wfyh")]
transform = Transform3D(0.99914664, 0.035730287, -0.020720849, -0.03597506, 0.99928576, -0.0115627, 0.020292902, 0.012298281, 0.9997184, 1.2014656, 0.53601336, -1.9350185)

[node name="Trapwall52" parent="MazeContainer" instance=ExtResource("2_0wfyh")]
transform = Transform3D(1, 0, 0, 0, 1, 0, 0, 0, 1, 3.2014656, 0.53601336, -1.9350185)

[node name="Trapwall53" parent="MazeContainer" instance=ExtResource("2_0wfyh")]
transform = Transform3D(1, 0, 0, 0, 1, 0, 0, 0, 1, 5.2014656, 0.53601336, -1.9350185)

[node name="Trapwall54" parent="MazeContainer" instance=ExtResource("2_0wfyh")]
transform = Transform3D(0.99914664, 0.035730287, -0.020720849, -0.03597506, 0.99928576, -0.0115627, 0.020292902, 0.012298281, 0.9997184, 7.2014656, 0.53601336, -1.9350185)

[node name="Trapwall55" parent="MazeContainer" instance=ExtResource("2_0wfyh")]
transform = Transform3D(1, 0, 0, 0, 1, 0, 0, 0, 1, -8.798534, 0.53601336, -3.9350185)

[node name="Trapwall56" parent="MazeContainer" instance=ExtResource("2_0wfyh")]
transform = Transform3D(1, 0, 0, 0, 1, 0, 0, 0, 1, -6.7985344, 0.53601336, -3.9350185)

[node name="Trapwall57" parent="MazeContainer" instance=ExtResource("2_0wfyh")]
transform = Transform3D(0.99914664, 0.035730287, -0.020720849, -0.03597506, 0.99928576, -0.0115627, 0.020292902, 0.012298281, 0.9997184, -4.7985344, 0.53601336, -3.9350185)

[node name="Trapwall58" parent="MazeContainer" instance=ExtResource("2_0wfyh")]
transform = Transform3D(1, 0, 0, 0, 1, 0, 0, 0, 1, -2.7985344, 0.53601336, -3.9350185)

[node name="Trapwall59" parent="MazeContainer" instance=ExtResource("2_0wfyh")]
transform = Transform3D(1, 0, 0, 0, 1, 0, 0, 0, 1, -0.7985344, 0.53601336, -3.9350185)

[node name="Trapwall60" parent="MazeContainer" instance=ExtResource("2_0wfyh")]
transform = Transform3D(0.99914664, 0.035730287, -0.020720849, -0.03597506, 0.99928576, -0.0115627, 0.020292902, 0.012298281, 0.9997184, 1.2014656, 0.53601336, -3.9350185)

[node name="Trapwall61" parent="MazeContainer" instance=ExtResource("2_0wfyh")]
transform = Transform3D(1, 0, 0, 0, 1, 0, 0, 0, 1, 3.2014656, 0.53601336, -3.9350185)

[node name="Trapwall62" parent="MazeContainer" instance=ExtResource("2_0wfyh")]
transform = Transform3D(1, 0, 0, 0, 1, 0, 0, 0, 1, 5.2014656, 0.53601336, -3.9350185)

[node name="Trapwall63" parent="MazeContainer" instance=ExtResource("2_0wfyh")]
transform = Transform3D(0.99914664, 0.035730287, -0.020720849, -0.03597506, 0.99928576, -0.0115627, 0.020292902, 0.012298281, 0.9997184, 7.2014656, 0.53601336, -3.9350185)

[node name="Trapwall64" parent="MazeContainer" instance=ExtResource("2_0wfyh")]
transform = Transform3D(1, 0, 0, 0, 1, 0, 0, 0, 1, -8.798534, 0.53601336, -5.9350185)

[node name="Trapwall65" parent="MazeContainer" instance=ExtResource("2_0wfyh")]
transform = Transform3D(1, 0, 0, 0, 1, 0, 0, 0, 1, -6.7985344, 0.53601336, -5.9350185)

[node name="Trapwall66" parent="MazeContainer" instance=ExtResource("2_0wfyh")]
transform = Transform3D(0.99914664, 0.035730287, -0.020720849, -0.03597506, 0.99928576, -0.0115627, 0.020292902, 0.012298281, 0.9997184, -4.7985344, 0.53601336, -5.9350185)

[node name="Trapwall67" parent="MazeContainer" instance=ExtResource("2_0wfyh")]
transform = Transform3D(1, 0, 0, 0, 1, 0, 0, 0, 1, -2.7985344, 0.53601336, -5.9350185)

[node name="Trapwall68" parent="MazeContainer" instance=ExtResource("2_0wfyh")]
transform = Transform3D(1, 0, 0, 0, 1, 0, 0, 0, 1, -0.7985344, 0.53601336, -5.9350185)

[node name="Trapwall69" parent="MazeContainer" instance=ExtResource("2_0wfyh")]
transform = Transform3D(0.99914664, 0.035730287, -0.020720849, -0.03597506, 0.99928576, -0.0115627, 0.020292902, 0.012298281, 0.9997184, 1.2014656, 0.53601336, -5.9350185)

[node name="Trapwall70" parent="MazeContainer" instance=ExtResource("2_0wfyh")]
transform = Transform3D(1, 0, 0, 0, 1, 0, 0, 0, 1, 3.2014656, 0.53601336, -5.9350185)

[node name="Trapwall71" parent="MazeContainer" instance=ExtResource("2_0wfyh")]
transform = Transform3D(1, 0, 0, 0, 1, 0, 0, 0, 1, 5.2014656, 0.53601336, -5.9350185)

[node name="Trapwall72" parent="MazeContainer" instance=ExtResource("2_0wfyh")]
transform = Transform3D(0.99914664, 0.035730287, -0.020720849, -0.03597506, 0.99928576, -0.0115627, 0.020292902, 0.012298281, 0.9997184, 7.2014656, 0.53601336, -5.9350185)

[node name="Trapwall73" parent="MazeContainer" instance=ExtResource("2_0wfyh")]
transform = Transform3D(1, 0, 0, 0, 1, 0, 0, 0, 1, -8.798534, 0.53601336, -7.9350185)

[node name="Trapwall74" parent="MazeContainer" instance=ExtResource("2_0wfyh")]
transform = Transform3D(1, 0, 0, 0, 1, 0, 0, 0, 1, -6.7985344, 0.53601336, -7.9350185)

[node name="Trapwall75" parent="MazeContainer" instance=ExtResource("2_0wfyh")]
transform = Transform3D(0.99914664, 0.035730287, -0.020720849, -0.03597506, 0.99928576, -0.0115627, 0.020292902, 0.012298281, 0.9997184, -4.7985344, 0.53601336, -7.9350185)

[node name="Trapwall76" parent="MazeContainer" instance=ExtResource("2_0wfyh")]
transform = Transform3D(1, 0, 0, 0, 1, 0, 0, 0, 1, -2.7985344, 0.53601336, -7.9350185)

[node name="Trapwall77" parent="MazeContainer" instance=ExtResource("2_0wfyh")]
transform = Transform3D(1, 0, 0, 0, 1, 0, 0, 0, 1, -0.7985344, 0.53601336, -7.9350185)

[node name="Trapwall78" parent="MazeContainer" instance=ExtResource("2_0wfyh")]
transform = Transform3D(0.99914664, 0.035730287, -0.020720849, -0.03597506, 0.99928576, -0.0115627, 0.020292902, 0.012298281, 0.9997184, 1.2014656, 0.53601336, -7.9350185)

[node name="Trapwall79" parent="MazeContainer" instance=ExtResource("2_0wfyh")]
transform = Transform3D(1, 0, 0, 0, 1, 0, 0, 0, 1, 3.2014656, 0.53601336, -7.9350185)

[node name="Trapwall80" parent="MazeContainer" instance=ExtResource("2_0wfyh")]
transform = Transform3D(1, 0, 0, 0, 1, 0, 0, 0, 1, 5.2014656, 0.53601336, -7.9350185)

[node name="Trapwall81" parent="MazeContainer" instance=ExtResource("2_0wfyh")]
transform = Transform3D(0.99914664, 0.035730287, -0.020720849, -0.03597506, 0.99928576, -0.0115627, 0.020292902, 0.012298281, 0.9997184, 7.2014656, 0.53601336, -7.9350185)
